Program Started
{"grid": [[0, 0, 0, 0, 0, 0], [0, 0, 0, 0, 0, 0], [0, 0, 0, 0, 0, 0], [0, 0, 0, 0, 0, 0], [0, 0, 0, 0, 0, 0], [0, 0, 0, 0, 0, 0], [0, 0, 0, 0, 0, 0]]}
{"move": 3}
{"grid": [[0, 0, 0, 0, 0, 0], [0, 0, 0, 0, 0, 0], [0, 0, 0, 0, 0, 0], [0, 0, 0, 0, 0, 1], [0, 0, 0, 0, 0, 0], [0, 0, 0, 0, 0, 2], [0, 0, 0, 0, 0, 0]]}
{"move": 3}
{"grid": [[0, 0, 0, 0, 0, 0], [0, 0, 0, 0, 0, 0], [0, 0, 0, 0, 0, 0], [0, 0, 0, 0, 1, 1], [0, 0, 0, 0, 0, 0], [0, 0, 0, 0, 0, 2], [0, 0, 0, 0, 0, 2]]}
{"move": 3}
{"grid": [[0, 0, 0, 0, 0, 0], [0, 0, 0, 0, 0, 0], [0, 0, 0, 0, 0, 0], [0, 0, 2, 1, 1, 1], [0, 0, 0, 0, 0, 0], [0, 0, 0, 0, 0, 2], [0, 0, 0, 0, 0, 2]]}
{"move": 4}
Traceback (most recent call last):
  File "Players/C4Coolio.py", line 171, in <module>
    for line in sys.stdin:
KeyboardInterrupt
, 0, 0, 0, 0, 2]]}
{"move": 2}
{"grid": [[0, 0, 0, 0, 0, 0], [0, 0, 0, 0, 0, 2], [0, 0, 0, 0, 0, 1], [0, 2, 2, 1, 1, 1], [0, 0, 0, 0, 0, 1], [0, 0, 0, 0, 0, 2], [0, 0, 0, 0, 0, 2]]}
{"move": 2}
{"grid": [[0, 0, 0, 0, 0, 0], [0, 0, 0, 0, 0, 2], [0, 0, 0, 2, 1, 1], [0, 2, 2, 1, 1, 1], [0, 0, 0, 0, 0, 1], [0, 0, 0, 0, 0, 2], [0, 0, 0, 0, 0, 2]]}
{"move": 4}
{"grid": [[0, 0, 0, 0, 0, 0], [0, 0, 0, 0, 2, 2], [0, 0, 0, 2, 1, 1], [0, 2, 2, 1, 1, 1], [0, 0, 0, 0, 1, 1], [0, 0, 0, 0, 0, 2], [0, 0, 0, 0, 0, 2]]}
{"move": 5}
Program Started
{"grid": [[0, 0, 0, 0, 0, 0], [0, 0, 0, 0, 0, 0], [0, 0, 0, 0, 0, 0], [0, 0, 0, 0, 0, 0], [0, 0, 0, 0, 0, 0], [0, 0, 0, 0, 0, 0], [0, 0, 0, 0, 0, 0]]}
{"move": 3}
{"grid": [[0, 0, 0, 0, 0, 2], [0, 0, 0, 0, 0, 0], [0, 0, 0, 0, 0, 0], [0, 0, 0, 0, 0, 1], [0, 0, 0, 0, 0, 0], [0, 0, 0, 0, 0, 0], [0, 0, 0, 0, 0, 0]]}
{"move": 3}
{"grid": [[0, 0, 0, 0, 0, 2], [0, 0, 0, 0, 0, 0], [0, 0, 0, 0, 0, 0], [0, 0, 0, 0, 1, 1], [0, 0, 0, 0, 0, 0], [0, 0, 0, 0, 0, 2], [0, 0, 0, 0, 0, 0]]}
{"move": 3}
{"grid": [[0, 0, 0, 0, 0, 2], [0, 0, 0, 0, 0, 0], [0, 0, 0, 0, 0, 0], [0, 0, 2, 1, 1, 1], [0, 0, 0, 0, 0, 0], [0, 0, 0, 0, 0, 2], [0, 0, 0, 0, 0, 0]]}
{"move": 4}
{"grid": [[0, 0, 0, 0, 0, 2], [0, 0, 0, 0, 0, 0], [0, 0, 0, 0, 0, 0], [0, 2, 2, 1, 1, 1], [0, 0, 0, 0, 0, 1], [0, 0, 0, 0, 0, 2], [0, 0, 0, 0, 0, 0]]}
{"move": 2}
{"grid": [[0, 0, 0, 0, 0, 2], [0, 0, 0, 0, 0, 2], [0, 0, 0, 0, 0, 1], [0, 2, 2, 1, 1, 1], [0, 0, 0, 0, 0, 1], [0, 0, 0, 0, 0, 2], [0, 0, 0, 0, 0, 0]]}
{"move": 2}
{"grid": [[0, 0, 0, 0, 0, 2], [0, 0, 0, 0, 0, 2], [0, 0, 0, 2, 1, 1], [0, 2, 2, 1, 1, 1], [0, 0, 0, 0, 0, 1], [0, 0, 0, 0, 0, 2], [0, 0, 0, 0, 0, 0]]}
{"move": 4}
Program Started
{"grid": [[0, 0, 0, 0, 0, 0], [0, 0, 0, 0, 0, 0], [0, 0, 0, 0, 0, 0], [0, 0, 0, 0, 0, 0], [0, 0, 0, 0, 0, 0], [0, 0, 0, 0, 0, 0], [0, 0, 0, 0, 0, 0]]}
{"move": 3}
{"grid": [[0, 0, 0, 0, 0, 0], [0, 0, 0, 0, 0, 2], [0, 0, 0, 0, 0, 0], [0, 0, 0, 0, 0, 1], [0, 0, 0, 0, 0, 0], [0, 0, 0, 0, 0, 0], [0, 0, 0, 0, 0, 0]]}
{"move": 3}
{"grid": [[0, 0, 0, 0, 0, 0], [0, 0, 0, 0, 2, 2], [0, 0, 0, 0, 0, 0], [0, 0, 0, 0, 1, 1], [0, 0, 0, 0, 0, 0], [0, 0, 0, 0, 0, 0], [0, 0, 0, 0, 0, 0]]}
{"move": 3}
{"grid": [[0, 0, 0, 0, 0, 0], [0, 0, 0, 0, 2, 2], [0, 0, 0, 0, 0, 0], [0, 0, 2, 1, 1, 1], [0, 0, 0, 0, 0, 0], [0, 0, 0, 0, 0, 0], [0, 0, 0, 0, 0, 0]]}
{"move": 4}
{"grid": [[0, 0, 0, 0, 0, 0], [0, 0, 0, 0, 2, 2], [0, 0, 0, 0, 0, 0], [0, 2, 2, 1, 1, 1], [0, 0, 0, 0, 0, 1], [0, 0, 0, 0, 0, 0], [0, 0, 0, 0, 0, 0]]}
{"move": 2}
{"grid": [[0, 0, 0, 0, 0, 0], [0, 0, 0, 0, 2, 2], [0, 0, 0, 0, 0, 1], [0, 2, 2, 1, 1, 1], [0, 0, 0, 0, 0, 1], [0, 0, 0, 0, 0, 2], [0, 0, 0, 0, 0, 0]]}
{"move": 2}
{"grid": [[0, 0, 0, 0, 0, 0], [0, 0, 0, 0, 2, 2], [0, 0, 0, 0, 1, 1], [2, 2, 2, 1, 1, 1], [0, 0, 0, 0, 0, 1], [0, 0, 0, 0, 0, 2], [0, 0, 0, 0, 0, 0]]}
{"move": 2}
{"grid": [[0, 0, 0, 0, 0, 0], [0, 0, 0, 0, 2, 2], [0, 0, 2, 1, 1, 1], [2, 2, 2, 1, 1, 1], [0, 0, 0, 0, 0, 1], [0, 0, 0, 0, 0, 2], [0, 0, 0, 0, 0, 0]]}
{"move": 1}
{"grid": [[0, 0, 0, 0, 0, 0], [0, 0, 2, 1, 2, 2], [0, 0, 2, 1, 1, 1], [2, 2, 2, 1, 1, 1], [0, 0, 0, 0, 0, 1], [0, 0, 0, 0, 0, 2], [0, 0, 0, 0, 0, 0]]}
{"move": 4}
{"grid": [[0, 0, 0, 0, 0, 0], [0, 0, 2, 1, 2, 2], [0, 0, 2, 1, 1, 1], [2, 2, 2, 1, 1, 1], [0, 0, 0, 0, 1, 1], [0, 0, 0, 0, 2, 2], [0, 0, 0, 0, 0, 0]]}
{"move": 4}
Program Started
{"grid": [[0, 0, 0, 0, 0, 0], [0, 0, 0, 0, 0, 0], [0, 0, 0, 0, 0, 0], [0, 0, 0, 0, 0, 0], [0, 0, 0, 0, 0, 0], [0, 0, 0, 0, 0, 0], [0, 0, 0, 0, 0, 0]]}
{"move": 3}
{"grid": [[0, 0, 0, 0, 0, 0], [0, 0, 0, 0, 0, 0], [0, 0, 0, 0, 0, 0], [0, 0, 0, 0, 0, 1], [0, 0, 0, 0, 0, 2], [0, 0, 0, 0, 0, 0], [0, 0, 0, 0, 0, 0]]}
{"move": 3}
{"grid": [[0, 0, 0, 0, 0, 0], [0, 0, 0, 0, 0, 0], [0, 0, 0, 0, 0, 2], [0, 0, 0, 0, 1, 1], [0, 0, 0, 0, 0, 2], [0, 0, 0, 0, 0, 0], [0, 0, 0, 0, 0, 0]]}
{"move": 3}
{"grid": [[0, 0, 0, 0, 0, 0], [0, 0, 0, 0, 0, 0], [0, 0, 0, 0, 0, 2], [0, 0, 2, 1, 1, 1], [0, 0, 0, 0, 0, 2], [0, 0, 0, 0, 0, 0], [0, 0, 0, 0, 0, 0]]}
{"move": 2}
{"grid": [[0, 0, 0, 0, 0, 0], [0, 0, 0, 0, 0, 0], [0, 0, 0, 2, 1, 2], [0, 0, 2, 1, 1, 1], [0, 0, 0, 0, 0, 2], [0, 0, 0, 0, 0, 0], [0, 0, 0, 0, 0, 0]]}
{"move": 4}
{"grid": [[0, 0, 0, 0, 0, 0], [0, 0, 0, 0, 0, 0], [0, 0, 0, 2, 1, 2], [0, 0, 2, 1, 1, 1], [0, 0, 0, 2, 1, 2], [0, 0, 0, 0, 0, 0], [0, 0, 0, 0, 0, 0]]}
{"move": 5}
{"grid": [[0, 0, 0, 0, 0, 0], [0, 0, 0, 0, 0, 0], [0, 0, 0, 2, 1, 2], [0, 0, 2, 1, 1, 1], [0, 0, 0, 2, 1, 2], [0, 0, 0, 0, 2, 1], [0, 0, 0, 0, 0, 0]]}
{"move": 2}
Program Started
{"grid": [[0, 0, 0, 0, 0, 0], [0, 0, 0, 0, 0, 0], [0, 0, 0, 0, 0, 0], [0, 0, 0, 0, 0, 0], [0, 0, 0, 0, 0, 0], [0, 0, 0, 0, 0, 0], [0, 0, 0, 0, 0, 0]]}
{"move": 3}
{"grid": [[0, 0, 0, 0, 0, 0], [0, 0, 0, 0, 0, 0], [0, 0, 0, 0, 0, 2], [0, 0, 0, 0, 0, 1], [0, 0, 0, 0, 0, 0], [0, 0, 0, 0, 0, 0], [0, 0, 0, 0, 0, 0]]}
{"move": 3}
{"grid": [[0, 0, 0, 0, 0, 2], [0, 0, 0, 0, 0, 0], [0, 0, 0, 0, 0, 2], [0, 0, 0, 0, 1, 1], [0, 0, 0, 0, 0, 0], [0, 0, 0, 0, 0, 0], [0, 0, 0, 0, 0, 0]]}
{"move": 3}
{"grid": [[0, 0, 0, 0, 0, 2], [0, 0, 0, 0, 0, 0], [0, 0, 0, 0, 0, 2], [0, 0, 2, 1, 1, 1], [0, 0, 0, 0, 0, 0], [0, 0, 0, 0, 0, 0], [0, 0, 0, 0, 0, 0]]}
{"move": 2}
{"grid": [[0, 0, 0, 0, 0, 2], [0, 0, 0, 0, 0, 0], [0, 0, 0, 2, 1, 2], [0, 0, 2, 1, 1, 1], [0, 0, 0, 0, 0, 0], [0, 0, 0, 0, 0, 0], [0, 0, 0, 0, 0, 0]]}
{"move": 4}
{"grid": [[0, 0, 0, 0, 0, 2], [0, 0, 0, 0, 0, 0], [0, 0, 2, 2, 1, 2], [0, 0, 2, 1, 1, 1], [0, 0, 0, 0, 0, 1], [0, 0, 0, 0, 0, 0], [0, 0, 0, 0, 0, 0]]}
{"move": 4}
{"grid": [[0, 0, 0, 0, 0, 2], [0, 0, 0, 0, 0, 0], [0, 2, 2, 2, 1, 2], [0, 0, 2, 1, 1, 1], [0, 0, 0, 0, 1, 1], [0, 0, 0, 0, 0, 0], [0, 0, 0, 0, 0, 0]]}
{"move": 5}
Program Started
{"grid": [[0, 0, 0, 0, 0, 0], [0, 0, 0, 0, 0, 0], [0, 0, 0, 0, 0, 0], [0, 0, 0, 0, 0, 0], [0, 0, 0, 0, 0, 0], [0, 0, 0, 0, 0, 0], [0, 0, 0, 0, 0, 0]]}
{"move": 3}
{"grid": [[0, 0, 0, 0, 0, 0], [0, 0, 0, 0, 0, 0], [0, 0, 0, 0, 0, 0], [0, 0, 0, 0, 0, 1], [0, 0, 0, 0, 0, 0], [0, 0, 0, 0, 0, 2], [0, 0, 0, 0, 0, 0]]}
{"move": 3}
{"grid": [[0, 0, 0, 0, 0, 0], [0, 0, 0, 0, 0, 0], [0, 0, 0, 0, 0, 0], [0, 0, 0, 0, 1, 1], [0, 0, 0, 0, 0, 0], [0, 0, 0, 0, 0, 2], [0, 0, 0, 0, 0, 2]]}
{"move": 3}
{"grid": [[0, 0, 0, 0, 0, 0], [0, 0, 0, 0, 0, 0], [0, 0, 0, 0, 0, 0], [0, 0, 2, 1, 1, 1], [0, 0, 0, 0, 0, 0], [0, 0, 0, 0, 0, 2], [0, 0, 0, 0, 0, 2]]}
{"move": 4}
{"grid": [[0, 0, 0, 0, 0, 0], [0, 0, 0, 0, 0, 0], [0, 0, 0, 0, 0, 0], [0, 0, 2, 1, 1, 1], [0, 0, 0, 0, 2, 1], [0, 0, 0, 0, 0, 2], [0, 0, 0, 0, 0, 2]]}
{"move": 2}
{"grid": [[0, 0, 0, 0, 0, 0], [0, 0, 0, 0, 0, 2], [0, 0, 0, 0, 0, 1], [0, 0, 2, 1, 1, 1], [0, 0, 0, 0, 2, 1], [0, 0, 0, 0, 0, 2], [0, 0, 0, 0, 0, 2]]}
{"move": 2}
{"grid": [[0, 0, 0, 0, 0, 0], [0, 0, 0, 0, 2, 2], [0, 0, 0, 0, 1, 1], [0, 0, 2, 1, 1, 1], [0, 0, 0, 0, 2, 1], [0, 0, 0, 0, 0, 2], [0, 0, 0, 0, 0, 2]]}
{"move": 2}
{"grid": [[0, 0, 0, 0, 0, 0], [0, 0, 0, 0, 2, 2], [0, 0, 2, 1, 1, 1], [0, 0, 2, 1, 1, 1], [0, 0, 0, 0, 2, 1], [0, 0, 0, 0, 0, 2], [0, 0, 0, 0, 0, 2]]}
{"move": 1}
{"grid": [[0, 0, 0, 0, 0, 0], [0, 0, 0, 1, 2, 2], [0, 0, 2, 1, 1, 1], [0, 0, 2, 1, 1, 1], [0, 0, 0, 2, 2, 1], [0, 0, 0, 0, 0, 2], [0, 0, 0, 0, 0, 2]]}
{"move": 1}
Program Started
{"grid": [[0, 0, 0, 0, 0, 0], [0, 0, 0, 0, 0, 0], [0, 0, 0, 0, 0, 0], [0, 0, 0, 0, 0, 0], [0, 0, 0, 0, 0, 0], [0, 0, 0, 0, 0, 0], [0, 0, 0, 0, 0, 0]]}
{"move": 3}
{"grid": [[0, 0, 0, 0, 0, 0], [0, 0, 0, 0, 0, 0], [0, 0, 0, 0, 0, 2], [0, 0, 0, 0, 0, 1], [0, 0, 0, 0, 0, 0], [0, 0, 0, 0, 0, 0], [0, 0, 0, 0, 0, 0]]}
{"move": 3}
{"grid": [[0, 0, 0, 0, 0, 0], [0, 0, 0, 0, 0, 0], [0, 0, 0, 0, 0, 2], [0, 0, 0, 0, 1, 1], [0, 0, 0, 0, 0, 2], [0, 0, 0, 0, 0, 0], [0, 0, 0, 0, 0, 0]]}
{"move": 3}
{"grid": [[0, 0, 0, 0, 0, 0], [0, 0, 0, 0, 0, 0], [0, 0, 0, 0, 0, 2], [0, 0, 2, 1, 1, 1], [0, 0, 0, 0, 0, 2], [0, 0, 0, 0, 0, 0], [0, 0, 0, 0, 0, 0]]}
{"move": 2}
{"grid": [[0, 0, 0, 0, 0, 0], [0, 0, 0, 0, 0, 0], [0, 0, 0, 2, 1, 2], [0, 0, 2, 1, 1, 1], [0, 0, 0, 0, 0, 2], [0, 0, 0, 0, 0, 0], [0, 0, 0, 0, 0, 0]]}
{"move": 4}
{"grid": [[0, 0, 0, 0, 0, 0], [0, 0, 0, 0, 0, 0], [0, 0, 0, 2, 1, 2], [0, 0, 2, 1, 1, 1], [0, 0, 0, 0, 1, 2], [0, 0, 0, 0, 0, 0], [0, 0, 0, 0, 0, 2]]}
{"move": 5}
{"grid": [[0, 0, 0, 0, 0, 0], [0, 0, 0, 0, 0, 0], [0, 0, 0, 2, 1, 2], [0, 0, 2, 1, 1, 1], [0, 0, 0, 0, 1, 2], [0, 0, 0, 0, 2, 1], [0, 0, 0, 0, 0, 2]]}
{"move": 2}
Program Started
{"grid": [[0, 0, 0, 0, 0, 0], [0, 0, 0, 0, 0, 0], [0, 0, 0, 0, 0, 0], [0, 0, 0, 0, 0, 0], [0, 0, 0, 0, 0, 0], [0, 0, 0, 0, 0, 0], [0, 0, 0, 0, 0, 0]]}
{"move": 3}
{"grid": [[0, 0, 0, 0, 0, 0], [0, 0, 0, 0, 0, 0], [0, 0, 0, 0, 0, 0], [0, 0, 0, 0, 2, 1], [0, 0, 0, 0, 0, 0], [0, 0, 0, 0, 0, 0], [0, 0, 0, 0, 0, 0]]}
{"move": 2}
{"grid": [[0, 0, 0, 0, 0, 0], [0, 0, 0, 0, 0, 0], [0, 0, 0, 0, 2, 1], [0, 0, 0, 0, 2, 1], [0, 0, 0, 0, 0, 0], [0, 0, 0, 0, 0, 0], [0, 0, 0, 0, 0, 0]]}
{"move": 1}
{"grid": [[0, 0, 0, 0, 0, 2], [0, 0, 0, 0, 0, 1], [0, 0, 0, 0, 2, 1], [0, 0, 0, 0, 2, 1], [0, 0, 0, 0, 0, 0], [0, 0, 0, 0, 0, 0], [0, 0, 0, 0, 0, 0]]}
{"move": 4}
Program Started
{"grid": [[0, 0, 0, 0, 0, 0], [0, 0, 0, 0, 0, 0], [0, 0, 0, 0, 0, 0], [0, 0, 0, 0, 0, 0], [0, 0, 0, 0, 0, 0], [0, 0, 0, 0, 0, 0], [0, 0, 0, 0, 0, 0]]}
{"move": 3}
{"grid": [[0, 0, 0, 0, 0, 0], [0, 0, 0, 0, 0, 0], [0, 0, 0, 0, 0, 0], [0, 0, 0, 0, 0, 1], [0, 0, 0, 0, 0, 0], [0, 0, 0, 0, 0, 0], [0, 0, 0, 0, 0, 2]]}
{"move": 3}
{"grid": [[0, 0, 0, 0, 0, 0], [0, 0, 0, 0, 0, 0], [0, 0, 0, 0, 0, 0], [0, 0, 0, 0, 1, 1], [0, 0, 0, 0, 0, 0], [0, 0, 0, 0, 0, 2], [0, 0, 0, 0, 0, 2]]}
{"move": 3}
{"grid": [[0, 0, 0, 0, 0, 0], [0, 0, 0, 0, 0, 0], [0, 0, 0, 0, 0, 0], [0, 0, 2, 1, 1, 1], [0, 0, 0, 0, 0, 0], [0, 0, 0, 0, 0, 2], [0, 0, 0, 0, 0, 2]]}
{"move": 4}
{"grid": [[0, 0, 0, 0, 0, 0], [0, 0, 0, 0, 0, 2], [0, 0, 0, 0, 0, 0], [0, 0, 2, 1, 1, 1], [0, 0, 0, 0, 0, 1], [0, 0, 0, 0, 0, 2], [0, 0, 0, 0, 0, 2]]}
{"move": 2}
{"grid": [[0, 0, 0, 0, 0, 0], [0, 0, 0, 0, 2, 2], [0, 0, 0, 0, 0, 1], [0, 0, 2, 1, 1, 1], [0, 0, 0, 0, 0, 1], [0, 0, 0, 0, 0, 2], [0, 0, 0, 0, 0, 2]]}
{"move": 2}
{"grid": [[0, 0, 0, 0, 0, 0], [0, 0, 0, 0, 2, 2], [0, 0, 0, 0, 1, 1], [0, 2, 2, 1, 1, 1], [0, 0, 0, 0, 0, 1], [0, 0, 0, 0, 0, 2], [0, 0, 0, 0, 0, 2]]}
{"move": 2}
{"grid": [[0, 0, 0, 0, 0, 0], [0, 0, 0, 0, 2, 2], [0, 0, 2, 1, 1, 1], [0, 2, 2, 1, 1, 1], [0, 0, 0, 0, 0, 1], [0, 0, 0, 0, 0, 2], [0, 0, 0, 0, 0, 2]]}
{"move": 1}
{"grid": [[0, 0, 0, 0, 0, 0], [0, 0, 2, 1, 2, 2], [0, 0, 2, 1, 1, 1], [0, 2, 2, 1, 1, 1], [0, 0, 0, 0, 0, 1], [0, 0, 0, 0, 0, 2], [0, 0, 0, 0, 0, 2]]}
{"move": 4}
{"grid": [[0, 0, 0, 0, 0, 0], [0, 0, 2, 1, 2, 2], [0, 0, 2, 1, 1, 1], [0, 2, 2, 1, 1, 1], [0, 0, 0, 2, 1, 1], [0, 0, 0, 0, 0, 2], [0, 0, 0, 0, 0, 2]]}
{"move": 5}
Program Started
{"grid": [[0, 0, 0, 0, 0, 0], [0, 0, 0, 0, 0, 0], [0, 0, 0, 0, 0, 0], [0, 0, 0, 0, 0, 0], [0, 0, 0, 0, 0, 0], [0, 0, 0, 0, 0, 0], [0, 0, 0, 0, 0, 0]]}
{"move": 3}
{"grid": [[0, 0, 0, 0, 0, 0], [0, 0, 0, 0, 0, 0], [0, 0, 0, 0, 0, 0], [0, 0, 0, 0, 2, 1], [0, 0, 0, 0, 0, 0], [0, 0, 0, 0, 0, 0], [0, 0, 0, 0, 0, 0]]}
{"move": 2}
{"grid": [[0, 0, 0, 0, 0, 0], [0, 0, 0, 0, 0, 0], [0, 0, 0, 0, 2, 1], [0, 0, 0, 0, 2, 1], [0, 0, 0, 0, 0, 0], [0, 0, 0, 0, 0, 0], [0, 0, 0, 0, 0, 0]]}
{"move": 1}
{"grid": [[0, 0, 0, 0, 0, 2], [0, 0, 0, 0, 0, 1], [0, 0, 0, 0, 2, 1], [0, 0, 0, 0, 2, 1], [0, 0, 0, 0, 0, 0], [0, 0, 0, 0, 0, 0], [0, 0, 0, 0, 0, 0]]}
{"move": 4}
Program Started
{"grid": [[0, 0, 0, 0, 0, 0], [0, 0, 0, 0, 0, 0], [0, 0, 0, 0, 0, 0], [0, 0, 0, 0, 0, 0], [0, 0, 0, 0, 0, 0], [0, 0, 0, 0, 0, 0], [0, 0, 0, 0, 0, 0]]}
{"move": 3}
{"grid": [[0, 0, 0, 0, 0, 0], [0, 0, 0, 0, 0, 0], [0, 0, 0, 0, 0, 0], [0, 0, 0, 0, 0, 1], [0, 0, 0, 0, 0, 2], [0, 0, 0, 0, 0, 0], [0, 0, 0, 0, 0, 0]]}
{"move": 3}
{"grid": [[0, 0, 0, 0, 0, 0], [0, 0, 0, 0, 0, 0], [0, 0, 0, 0, 0, 2], [0, 0, 0, 0, 1, 1], [0, 0, 0, 0, 0, 2], [0, 0, 0, 0, 0, 0], [0, 0, 0, 0, 0, 0]]}
{"move": 3}
{"grid": [[0, 0, 0, 0, 0, 0], [0, 0, 0, 0, 0, 0], [0, 0, 0, 0, 0, 2], [0, 0, 2, 1, 1, 1], [0, 0, 0, 0, 0, 2], [0, 0, 0, 0, 0, 0], [0, 0, 0, 0, 0, 0]]}
{"move": 2}
{"grid": [[0, 0, 0, 0, 0, 0], [0, 0, 0, 0, 0, 0], [0, 0, 0, 2, 1, 2], [0, 0, 2, 1, 1, 1], [0, 0, 0, 0, 0, 2], [0, 0, 0, 0, 0, 0], [0, 0, 0, 0, 0, 0]]}
{"move": 4}
{"grid": [[0, 0, 0, 0, 0, 0], [0, 0, 0, 0, 0, 0], [0, 0, 0, 2, 1, 2], [0, 2, 2, 1, 1, 1], [0, 0, 0, 0, 1, 2], [0, 0, 0, 0, 0, 0], [0, 0, 0, 0, 0, 0]]}
{"move": 5}
{"grid": [[0, 0, 0, 0, 0, 0], [0, 0, 0, 0, 0, 0], [0, 0, 2, 2, 1, 2], [0, 2, 2, 1, 1, 1], [0, 0, 0, 0, 1, 2], [0, 0, 0, 0, 0, 1], [0, 0, 0, 0, 0, 0]]}
{"move": 5}
Program Started
{"grid": [[0, 0, 0, 0, 0, 0], [0, 0, 0, 0, 0, 0], [0, 0, 0, 0, 0, 0], [0, 0, 0, 0, 0, 0], [0, 0, 0, 0, 0, 0], [0, 0, 0, 0, 0, 0], [0, 0, 0, 0, 0, 0]]}
{"move": 3}
{"grid": [[0, 0, 0, 0, 0, 0], [0, 0, 0, 0, 0, 0], [0, 0, 0, 0, 0, 2], [0, 0, 0, 0, 0, 1], [0, 0, 0, 0, 0, 0], [0, 0, 0, 0, 0, 0], [0, 0, 0, 0, 0, 0]]}
{"move": 3}
{"grid": [[0, 0, 0, 0, 0, 0], [0, 0, 0, 0, 0, 0], [0, 0, 0, 0, 0, 2], [0, 0, 0, 0, 1, 1], [0, 0, 0, 0, 0, 0], [0, 0, 0, 0, 0, 2], [0, 0, 0, 0, 0, 0]]}
{"move": 3}
{"grid": [[0, 0, 0, 0, 0, 0], [0, 0, 0, 0, 0, 0], [0, 0, 0, 0, 0, 2], [0, 0, 2, 1, 1, 1], [0, 0, 0, 0, 0, 0], [0, 0, 0, 0, 0, 2], [0, 0, 0, 0, 0, 0]]}
{"move": 2}
{"grid": [[0, 0, 0, 0, 0, 0], [0, 0, 0, 0, 0, 0], [0, 0, 0, 2, 1, 2], [0, 0, 2, 1, 1, 1], [0, 0, 0, 0, 0, 0], [0, 0, 0, 0, 0, 2], [0, 0, 0, 0, 0, 0]]}
{"move": 4}
{"grid": [[0, 0, 0, 0, 0, 0], [0, 0, 0, 0, 0, 0], [0, 0, 2, 2, 1, 2], [0, 0, 2, 1, 1, 1], [0, 0, 0, 0, 0, 1], [0, 0, 0, 0, 0, 2], [0, 0, 0, 0, 0, 0]]}
{"move": 4}
{"grid": [[0, 0, 0, 0, 0, 0], [0, 0, 0, 0, 0, 0], [0, 0, 2, 2, 1, 2], [0, 0, 2, 1, 1, 1], [0, 0, 0, 0, 1, 1], [0, 0, 0, 0, 2, 2], [0, 0, 0, 0, 0, 0]]}
{"move": 4}
{"grid": [[0, 0, 0, 0, 0, 0], [0, 0, 0, 0, 0, 0], [0, 0, 2, 2, 1, 2], [0, 0, 2, 1, 1, 1], [0, 0, 2, 1, 1, 1], [0, 0, 0, 0, 2, 2], [0, 0, 0, 0, 0, 0]]}
{"move": 5}
Program Started
{"grid": [[0, 0, 0, 0, 0, 0], [0, 0, 0, 0, 0, 0], [0, 0, 0, 0, 0, 0], [0, 0, 0, 0, 0, 0], [0, 0, 0, 0, 0, 0], [0, 0, 0, 0, 0, 0], [0, 0, 0, 0, 0, 0]]}
{"move": 3}
{"grid": [[0, 0, 0, 0, 0, 0], [0, 0, 0, 0, 0, 0], [0, 0, 0, 0, 0, 0], [0, 0, 0, 0, 0, 1], [0, 0, 0, 0, 0, 0], [0, 0, 0, 0, 0, 2], [0, 0, 0, 0, 0, 0]]}
{"move": 3}
{"grid": [[0, 0, 0, 0, 0, 0], [0, 0, 0, 0, 0, 2], [0, 0, 0, 0, 0, 0], [0, 0, 0, 0, 1, 1], [0, 0, 0, 0, 0, 0], [0, 0, 0, 0, 0, 2], [0, 0, 0, 0, 0, 0]]}
{"move": 3}
{"grid": [[0, 0, 0, 0, 0, 0], [0, 0, 0, 0, 0, 2], [0, 0, 0, 0, 0, 0], [0, 0, 2, 1, 1, 1], [0, 0, 0, 0, 0, 0], [0, 0, 0, 0, 0, 2], [0, 0, 0, 0, 0, 0]]}
{"move": 4}
{"grid": [[0, 0, 0, 0, 0, 0], [0, 0, 0, 0, 0, 2], [0, 0, 0, 0, 0, 0], [0, 0, 2, 1, 1, 1], [0, 0, 0, 0, 2, 1], [0, 0, 0, 0, 0, 2], [0, 0, 0, 0, 0, 0]]}
{"move": 2}
{"grid": [[0, 0, 0, 0, 0, 0], [0, 0, 0, 0, 0, 2], [0, 0, 0, 0, 0, 1], [0, 0, 2, 1, 1, 1], [0, 0, 0, 2, 2, 1], [0, 0, 0, 0, 0, 2], [0, 0, 0, 0, 0, 0]]}
{"move": 2}
{"grid": [[0, 0, 0, 0, 0, 0], [0, 0, 0, 0, 0, 2], [0, 0, 0, 0, 1, 1], [0, 0, 2, 1, 1, 1], [0, 0, 2, 2, 2, 1], [0, 0, 0, 0, 0, 2], [0, 0, 0, 0, 0, 0]]}
{"move": 2}
Program Started
{"grid": [[0, 0, 0, 0, 0, 0], [0, 0, 0, 0, 0, 0], [0, 0, 0, 0, 0, 0], [0, 0, 0, 0, 0, 0], [0, 0, 0, 0, 0, 0], [0, 0, 0, 0, 0, 0], [0, 0, 0, 0, 0, 0]]}
{"move": 3}
{"grid": [[0, 0, 0, 0, 0, 0], [0, 0, 0, 0, 0, 0], [0, 0, 0, 0, 0, 0], [0, 0, 0, 0, 0, 1], [0, 0, 0, 0, 0, 0], [0, 0, 0, 0, 0, 2], [0, 0, 0, 0, 0, 0]]}
{"move": 3}
{"grid": [[0, 0, 0, 0, 0, 0], [0, 0, 0, 0, 0, 2], [0, 0, 0, 0, 0, 0], [0, 0, 0, 0, 1, 1], [0, 0, 0, 0, 0, 0], [0, 0, 0, 0, 0, 2], [0, 0, 0, 0, 0, 0]]}
{"move": 3}
{"grid": [[0, 0, 0, 0, 0, 0], [0, 0, 0, 0, 0, 2], [0, 0, 0, 0, 0, 0], [0, 0, 2, 1, 1, 1], [0, 0, 0, 0, 0, 0], [0, 0, 0, 0, 0, 2], [0, 0, 0, 0, 0, 0]]}
{"move": 4}
{"grid": [[0, 0, 0, 0, 0, 0], [0, 0, 0, 0, 0, 2], [0, 0, 0, 0, 0, 0], [0, 0, 2, 1, 1, 1], [0, 0, 0, 0, 2, 1], [0, 0, 0, 0, 0, 2], [0, 0, 0, 0, 0, 0]]}
{"move": 2}
{"grid": [[0, 0, 0, 0, 0, 0], [0, 0, 0, 0, 0, 2], [0, 0, 0, 0, 2, 1], [0, 0, 2, 1, 1, 1], [0, 0, 0, 0, 2, 1], [0, 0, 0, 0, 0, 2], [0, 0, 0, 0, 0, 0]]}
{"move": 2}
{"grid": [[0, 0, 0, 0, 0, 0], [0, 0, 0, 0, 0, 2], [0, 0, 2, 1, 2, 1], [0, 0, 2, 1, 1, 1], [0, 0, 0, 0, 2, 1], [0, 0, 0, 0, 0, 2], [0, 0, 0, 0, 0, 0]]}
{"move": 4}
{"grid": [[0, 0, 0, 0, 0, 0], [0, 0, 0, 0, 0, 2], [0, 2, 2, 1, 2, 1], [0, 0, 2, 1, 1, 1], [0, 0, 0, 1, 2, 1], [0, 0, 0, 0, 0, 2], [0, 0, 0, 0, 0, 0]]}
{"move": 5}
{"grid": [[0, 0, 0, 0, 0, 0], [0, 0, 0, 0, 0, 2], [0, 2, 2, 1, 2, 1], [0, 0, 2, 1, 1, 1], [0, 0, 0, 1, 2, 1], [0, 0, 0, 2, 1, 2], [0, 0, 0, 0, 0, 0]]}
{"move": 5}
Program Started
{"grid": [[0, 0, 0, 0, 0, 0], [0, 0, 0, 0, 0, 0], [0, 0, 0, 0, 0, 0], [0, 0, 0, 0, 0, 0], [0, 0, 0, 0, 0, 0], [0, 0, 0, 0, 0, 0], [0, 0, 0, 0, 0, 0]]}
{"move": 3}
{"grid": [[0, 0, 0, 0, 0, 0], [0, 0, 0, 0, 0, 2], [0, 0, 0, 0, 0, 0], [0, 0, 0, 0, 0, 1], [0, 0, 0, 0, 0, 0], [0, 0, 0, 0, 0, 0], [0, 0, 0, 0, 0, 0]]}
{"move": 3}
{"grid": [[0, 0, 0, 0, 0, 0], [0, 0, 0, 0, 0, 2], [0, 0, 0, 0, 0, 0], [0, 0, 0, 2, 1, 1], [0, 0, 0, 0, 0, 0], [0, 0, 0, 0, 0, 0], [0, 0, 0, 0, 0, 0]]}
{"move": 2}
{"grid": [[0, 0, 0, 0, 0, 2], [0, 0, 0, 0, 0, 2], [0, 0, 0, 0, 0, 1], [0, 0, 0, 2, 1, 1], [0, 0, 0, 0, 0, 0], [0, 0, 0, 0, 0, 0], [0, 0, 0, 0, 0, 0]]}
{"move": 4}
{"grid": [[0, 0, 0, 0, 0, 2], [0, 0, 0, 0, 0, 2], [0, 0, 0, 0, 0, 1], [0, 0, 0, 2, 1, 1], [0, 0, 0, 0, 0, 1], [0, 0, 0, 0, 0, 2], [0, 0, 0, 0, 0, 0]]}
{"move": 2}
{"grid": [[0, 0, 0, 0, 0, 2], [0, 0, 0, 0, 0, 2], [0, 0, 0, 2, 1, 1], [0, 0, 0, 2, 1, 1], [0, 0, 0, 0, 0, 1], [0, 0, 0, 0, 0, 2], [0, 0, 0, 0, 0, 0]]}
{"move": 4}
{"grid": [[0, 0, 0, 0, 0, 2], [0, 0, 0, 0, 2, 2], [0, 0, 0, 2, 1, 1], [0, 0, 0, 2, 1, 1], [0, 0, 0, 0, 1, 1], [0, 0, 0, 0, 0, 2], [0, 0, 0, 0, 0, 0]]}
{"move": 5}
Program Started
{"grid": [[0, 0, 0, 0, 0, 0], [0, 0, 0, 0, 0, 0], [0, 0, 0, 0, 0, 0], [0, 0, 0, 0, 0, 0], [0, 0, 0, 0, 0, 0], [0, 0, 0, 0, 0, 0], [0, 0, 0, 0, 0, 0]]}
{"move": 3}
{"grid": [[0, 0, 0, 0, 0, 0], [0, 0, 0, 0, 0, 0], [0, 0, 0, 0, 0, 0], [0, 0, 0, 0, 0, 1], [0, 0, 0, 0, 0, 0], [0, 0, 0, 0, 0, 2], [0, 0, 0, 0, 0, 0]]}
{"move": 3}
{"grid": [[0, 0, 0, 0, 0, 0], [0, 0, 0, 0, 0, 2], [0, 0, 0, 0, 0, 0], [0, 0, 0, 0, 1, 1], [0, 0, 0, 0, 0, 0], [0, 0, 0, 0, 0, 2], [0, 0, 0, 0, 0, 0]]}
{"move": 3}
{"grid": [[0, 0, 0, 0, 0, 0], [0, 0, 0, 0, 0, 2], [0, 0, 0, 0, 0, 0], [0, 0, 2, 1, 1, 1], [0, 0, 0, 0, 0, 0], [0, 0, 0, 0, 0, 2], [0, 0, 0, 0, 0, 0]]}
{"move": 4}
{"grid": [[0, 0, 0, 0, 0, 0], [0, 0, 0, 0, 0, 2], [0, 0, 0, 0, 0, 0], [0, 0, 2, 1, 1, 1], [0, 0, 0, 0, 0, 1], [0, 0, 0, 0, 2, 2], [0, 0, 0, 0, 0, 0]]}
{"move": 2}
{"grid": [[0, 0, 0, 0, 0, 0], [0, 0, 0, 0, 0, 2], [0, 0, 0, 0, 0, 1], [0, 2, 2, 1, 1, 1], [0, 0, 0, 0, 0, 1], [0, 0, 0, 0, 2, 2], [0, 0, 0, 0, 0, 0]]}
{"move": 2}
{"grid": [[0, 0, 0, 0, 0, 0], [0, 0, 0, 0, 0, 2], [0, 0, 0, 0, 1, 1], [2, 2, 2, 1, 1, 1], [0, 0, 0, 0, 0, 1], [0, 0, 0, 0, 2, 2], [0, 0, 0, 0, 0, 0]]}
{"move": 2}
{"grid": [[0, 0, 0, 0, 0, 0], [0, 0, 0, 0, 0, 2], [0, 0, 2, 1, 1, 1], [2, 2, 2, 1, 1, 1], [0, 0, 0, 0, 0, 1], [0, 0, 0, 0, 2, 2], [0, 0, 0, 0, 0, 0]]}
{"move": 4}
{"grid": [[0, 0, 0, 0, 0, 0], [0, 0, 0, 0, 2, 2], [0, 0, 2, 1, 1, 1], [2, 2, 2, 1, 1, 1], [0, 0, 0, 0, 1, 1], [0, 0, 0, 0, 2, 2], [0, 0, 0, 0, 0, 0]]}
{"move": 4}
{"grid": [[0, 0, 0, 0, 0, 0], [0, 0, 0, 2, 2, 2], [0, 0, 2, 1, 1, 1], [2, 2, 2, 1, 1, 1], [0, 0, 0, 1, 1, 1], [0, 0, 0, 0, 2, 2], [0, 0, 0, 0, 0, 0]]}
{"move": 4}
Program Started
{"grid": [[0, 0, 0, 0, 0, 0], [0, 0, 0, 0, 0, 0], [0, 0, 0, 0, 0, 0], [0, 0, 0, 0, 0, 0], [0, 0, 0, 0, 0, 0], [0, 0, 0, 0, 0, 0], [0, 0, 0, 0, 0, 0]]}
{"move": 3}
{"grid": [[0, 0, 0, 0, 0, 0], [0, 0, 0, 0, 0, 0], [0, 0, 0, 0, 0, 2], [0, 0, 0, 0, 0, 1], [0, 0, 0, 0, 0, 0], [0, 0, 0, 0, 0, 0], [0, 0, 0, 0, 0, 0]]}
{"move": 3}
{"grid": [[0, 0, 0, 0, 0, 0], [0, 0, 0, 0, 0, 2], [0, 0, 0, 0, 0, 2], [0, 0, 0, 0, 1, 1], [0, 0, 0, 0, 0, 0], [0, 0, 0, 0, 0, 0], [0, 0, 0, 0, 0, 0]]}
{"move": 3}
{"grid": [[0, 0, 0, 0, 0, 0], [0, 0, 0, 0, 0, 2], [0, 0, 0, 0, 0, 2], [0, 0, 2, 1, 1, 1], [0, 0, 0, 0, 0, 0], [0, 0, 0, 0, 0, 0], [0, 0, 0, 0, 0, 0]]}
{"move": 2}
{"grid": [[0, 0, 0, 0, 0, 0], [0, 0, 0, 0, 0, 2], [0, 0, 0, 2, 1, 2], [0, 0, 2, 1, 1, 1], [0, 0, 0, 0, 0, 0], [0, 0, 0, 0, 0, 0], [0, 0, 0, 0, 0, 0]]}
{"move": 4}
{"grid": [[0, 0, 0, 0, 0, 0], [0, 0, 0, 0, 0, 2], [0, 0, 2, 2, 1, 2], [0, 0, 2, 1, 1, 1], [0, 0, 0, 0, 0, 1], [0, 0, 0, 0, 0, 0], [0, 0, 0, 0, 0, 0]]}
{"move": 4}
{"grid": [[0, 0, 0, 0, 0, 0], [0, 0, 0, 0, 2, 2], [0, 0, 2, 2, 1, 2], [0, 0, 2, 1, 1, 1], [0, 0, 0, 0, 1, 1], [0, 0, 0, 0, 0, 0], [0, 0, 0, 0, 0, 0]]}
{"move": 5}
Program Started
{"grid": [[0, 0, 0, 0, 0, 0], [0, 0, 0, 0, 0, 0], [0, 0, 0, 0, 0, 0], [0, 0, 0, 0, 0, 0], [0, 0, 0, 0, 0, 0], [0, 0, 0, 0, 0, 0], [0, 0, 0, 0, 0, 0]]}
{"move": 3}
{"grid": [[0, 0, 0, 0, 0, 0], [0, 0, 0, 0, 0, 2], [0, 0, 0, 0, 0, 0], [0, 0, 0, 0, 0, 1], [0, 0, 0, 0, 0, 0], [0, 0, 0, 0, 0, 0], [0, 0, 0, 0, 0, 0]]}
{"move": 3}
{"grid": [[0, 0, 0, 0, 0, 0], [0, 0, 0, 0, 0, 2], [0, 0, 0, 0, 0, 2], [0, 0, 0, 0, 1, 1], [0, 0, 0, 0, 0, 0], [0, 0, 0, 0, 0, 0], [0, 0, 0, 0, 0, 0]]}
{"move": 3}
{"grid": [[0, 0, 0, 0, 0, 0], [0, 0, 0, 0, 0, 2], [0, 0, 0, 0, 0, 2], [0, 0, 2, 1, 1, 1], [0, 0, 0, 0, 0, 0], [0, 0, 0, 0, 0, 0], [0, 0, 0, 0, 0, 0]]}
{"move": 2}
{"grid": [[0, 0, 0, 0, 0, 0], [0, 0, 0, 0, 0, 2], [0, 0, 0, 2, 1, 2], [0, 0, 2, 1, 1, 1], [0, 0, 0, 0, 0, 0], [0, 0, 0, 0, 0, 0], [0, 0, 0, 0, 0, 0]]}
{"move": 4}
{"grid": [[0, 0, 0, 0, 0, 0], [0, 0, 0, 0, 0, 2], [0, 0, 2, 2, 1, 2], [0, 0, 2, 1, 1, 1], [0, 0, 0, 0, 0, 1], [0, 0, 0, 0, 0, 0], [0, 0, 0, 0, 0, 0]]}
{"move": 4}
{"grid": [[0, 0, 0, 0, 0, 0], [0, 0, 0, 0, 2, 2], [0, 0, 2, 2, 1, 2], [0, 0, 2, 1, 1, 1], [0, 0, 0, 0, 1, 1], [0, 0, 0, 0, 0, 0], [0, 0, 0, 0, 0, 0]]}
{"move": 5}
Program Started
{"grid": [[0, 0, 0, 0, 0, 0], [0, 0, 0, 0, 0, 0], [0, 0, 0, 0, 0, 0], [0, 0, 0, 0, 0, 0], [0, 0, 0, 0, 0, 0], [0, 0, 0, 0, 0, 0], [0, 0, 0, 0, 0, 0]]}
{"move": 3}
{"grid": [[0, 0, 0, 0, 0, 0], [0, 0, 0, 0, 0, 2], [0, 0, 0, 0, 0, 0], [0, 0, 0, 0, 0, 1], [0, 0, 0, 0, 0, 0], [0, 0, 0, 0, 0, 0], [0, 0, 0, 0, 0, 0]]}
{"move": 3}
{"grid": [[0, 0, 0, 0, 0, 0], [0, 0, 0, 0, 0, 2], [0, 0, 0, 0, 0, 0], [0, 0, 0, 2, 1, 1], [0, 0, 0, 0, 0, 0], [0, 0, 0, 0, 0, 0], [0, 0, 0, 0, 0, 0]]}
{"move": 2}
{"grid": [[0, 0, 0, 0, 0, 0], [0, 0, 0, 0, 0, 2], [0, 0, 0, 0, 2, 1], [0, 0, 0, 2, 1, 1], [0, 0, 0, 0, 0, 0], [0, 0, 0, 0, 0, 0], [0, 0, 0, 0, 0, 0]]}
{"move": 4}
{"grid": [[0, 0, 0, 0, 0, 0], [0, 0, 0, 0, 0, 2], [0, 0, 0, 0, 2, 1], [0, 0, 0, 2, 1, 1], [0, 0, 0, 0, 0, 1], [0, 0, 0, 0, 0, 2], [0, 0, 0, 0, 0, 0]]}
{"move": 2}
{"grid": [[0, 0, 0, 0, 0, 0], [0, 0, 0, 0, 0, 2], [0, 0, 0, 1, 2, 1], [0, 0, 0, 2, 1, 1], [0, 0, 0, 0, 2, 1], [0, 0, 0, 0, 0, 2], [0, 0, 0, 0, 0, 0]]}
{"move": 4}
Program Started
{"grid": [[0, 0, 0, 0, 0, 0], [0, 0, 0, 0, 0, 0], [0, 0, 0, 0, 0, 0], [0, 0, 0, 0, 0, 0], [0, 0, 0, 0, 0, 0], [0, 0, 0, 0, 0, 0], [0, 0, 0, 0, 0, 0]]}
{"move": 3}
{"grid": [[0, 0, 0, 0, 0, 0], [0, 0, 0, 0, 0, 0], [0, 0, 0, 0, 0, 0], [0, 0, 0, 0, 0, 1], [0, 0, 0, 0, 0, 0], [0, 0, 0, 0, 0, 0], [0, 0, 0, 0, 0, 2]]}
{"move": 3}
{"grid": [[0, 0, 0, 0, 0, 0], [0, 0, 0, 0, 0, 0], [0, 0, 0, 0, 0, 0], [0, 0, 0, 0, 1, 1], [0, 0, 0, 0, 0, 0], [0, 0, 0, 0, 0, 0], [0, 0, 0, 0, 2, 2]]}
{"move": 3}
{"grid": [[0, 0, 0, 0, 0, 0], [0, 0, 0, 0, 0, 0], [0, 0, 0, 0, 0, 0], [0, 0, 2, 1, 1, 1], [0, 0, 0, 0, 0, 0], [0, 0, 0, 0, 0, 0], [0, 0, 0, 0, 2, 2]]}
{"move": 4}
{"grid": [[0, 0, 0, 0, 0, 0], [0, 0, 0, 0, 0, 0], [0, 0, 0, 0, 0, 0], [0, 0, 2, 1, 1, 1], [0, 0, 0, 0, 2, 1], [0, 0, 0, 0, 0, 0], [0, 0, 0, 0, 2, 2]]}
{"move": 2}
{"grid": [[0, 0, 0, 0, 0, 0], [0, 0, 0, 0, 0, 2], [0, 0, 0, 0, 0, 1], [0, 0, 2, 1, 1, 1], [0, 0, 0, 0, 2, 1], [0, 0, 0, 0, 0, 0], [0, 0, 0, 0, 2, 2]]}
{"move": 5}
Traceback (most recent call last):
  File "Players/C4Coolio.py", line 171, in <module>
Traceback (most recent call last):
Traceback (most recent call last):
  File "Players/C4Coolio.py", line 171, in <module>
  File "Players/C4Coolio.py", line 171, in <module>
    for line in sys.stdin:
KeyboardInterrupt
    for line in sys.stdin:
Traceback (most recent call last):
Traceback (most recent call last):
  File "Players/C4Coolio.py", line 171, in <module>
  File "Players/C4Coolio.py", line 171, in <module>
Traceback (most recent call last):
  File "Players/C4Coolio.py", line 171, in <module>
    for line in sys.stdin:
KeyboardInterrupt
    for line in sys.stdin:
KeyboardInterrupt
    for line in sys.stdin:
KeyboardInterrupt
Traceback (most recent call last):
  File "Players/C4Coolio.py", line 171, in <module>
    for line in sys.stdin:
KeyboardInterrupt
Traceback (most recent call last):
  File "Players/C4Coolio.py", line 171, in <module>
Traceback (most recent call last):
Traceback (most recent call last):
  File "Players/C4Coolio.py", line 171, in <module>
Traceback (most recent call last):
  File "Players/C4Coolio.py", line 171, in <module>
    for line in sys.stdin:
KeyboardInterrupt
Traceback (most recent call last):
  File "Players/C4Coolio.py", line 171, in <module>
Traceback (most recent call last):
  File "Players/C4Coolio.py", line 171, in <module>
    for line in sys.stdin:
KeyboardInterrupt
    for line in sys.stdin:
KeyboardInterrupt
    for line in sys.stdin:
KeyboardInterrupt
Traceback (most recent call last):
  File "Players/C4Coolio.py", line 171, in <module>
    for line in sys.stdin:
KeyboardInterrupt
Traceback (most recent call last):
  File "Players/C4Coolio.py", line 171, in <module>
    for line in sys.stdin:
KeyboardInterrupt
Traceback (most recent call last):
  File "Players/C4Coolio.py", line 171, in <module>
Traceback (most recent call last):
  File "Players/C4Coolio.py", line 171, in <module>
    for line in sys.stdin:
KeyboardInterrupt
    for line in sys.stdin:
KeyboardInterrupt
Traceback (most recent call last):
  File "Players/C4Coolio.py", line 171, in <module>
    for line in sys.stdin:
KeyboardInterrupt
Traceback (most recent call last):
  File "Players/C4Coolio.py", line 171, in <module>
    for line in sys.stdin:
KeyboardInterrupt
    for line in sys.stdin:
KeyboardInterrupt
KeyboardInterrupt
Traceback (most recent call last):
  File "Players/C4Coolio.py", line 171, in <module>
    for line in sys.stdin:
KeyboardInterrupt
  File "Players/C4Coolio.py", line 171, in <module>
    for line in sys.stdin:
KeyboardInterrupt
    for line in sys.stdin:
KeyboardInterrupt
